c variable for possible restart
.false.
   nfp   mnb ncurr  nsin niter nstep      ftol
     5           1     8    60    5   1.00E-11    0.1 0.5
      gamma    phiedge     curpol     curtor
      2.000      3.141592645  0.         0.
  MASS PROFILE EXPANSION COEFFICIENTS (am):
    7.000E-07  -1.110E-06   4.100E-07   0.000E+00   0.000E+00   0.000E+00
  IOTA PROFILE EXPANSION COEFFICIENTS (ai):
    8.330E-01  -1.000E+00   4.000E+00  -4.800E+00   1.950E+00   0.000E+00
C  MB  NB     RBC         ZBS  ARRAYS
    0   0  1.0000E+01  0.0000E+00  1.0000E+01  0.0000E+00
    0   1  4.2800E-01 -2.1000E-01  6.8500E-01 -4.8500E-01
    0   2  2.3000E-02 -2.3000E-02  0.0000E+00  0.0000E+00
    0   3  3.6000E-03 -3.6000E-03  0.0000E+00  0.0000E+00
    1  -2 -3.1000E-03 -3.1000E-03
    1  -1 -2.2000E-02 -2.2000E-02
    1   0  8.6700E-01  1.1330E+00
    1   1 -3.9700E-01  3.9700E-01
    1   2 -5.7000E-02  5.7000E-02
    2  -1  2.5000E-03  2.5000E-03
    2   0  1.1200E-01  1.1700E-01
    2   1  1.8300E-01  2.4000E-01
    2   2  1.0000E-01 -1.0000E-01
    2   3 -3.4000E-03  3.2000E-03
    2   4 -3.2000E-03  3.2000E-03
    3   0  3.7000E-04  3.7000E-04
    3   1  2.0300E-02 -2.0300E-02
    3   2  1.1700E-02  1.1700E-02
    3   3 -1.2300E-02  1.2300E-02
    3   4  2.3000E-03 -2.3000E-03
    4   2 -1.2500E-02 -1.2500E-02
    4   3 -4.9800E-03  4.9800E-03
